Accuracy:
0.9444444444444444

Classification Report:
              precision    recall  f1-score   support

           0       0.75      1.00      0.86         3
           1       1.00      1.00      1.00         3
           2       1.00      1.00      1.00         3
           3       0.67      0.67      0.67         3
           4       1.00      1.00      1.00         3
           5       1.00      1.00      1.00         3
           6       1.00      1.00      1.00         3
           7       0.75      1.00      0.86         3
           8       1.00      1.00      1.00         3
           9       1.00      1.00      1.00         3
          10       1.00      1.00      1.00         3
          11       1.00      1.00      1.00         3
          12       1.00      1.00      1.00         3
          13       1.00      1.00      1.00         3
          14       1.00      1.00      1.00         3
          15       1.00      1.00      1.00         3
          16       1.00      0.67      0.80         3
          17       1.00      0.67      0.80         3

    accuracy                           0.94        54
   macro avg       0.95      0.94      0.94        54
weighted avg       0.95      0.94      0.94        54


Confusion Matrix:
[[3 0 0 0 0 0 0 0 0 0 0 0 0 0 0 0 0 0]
 [0 3 0 0 0 0 0 0 0 0 0 0 0 0 0 0 0 0]
 [0 0 3 0 0 0 0 0 0 0 0 0 0 0 0 0 0 0]
 [0 0 0 2 0 0 0 1 0 0 0 0 0 0 0 0 0 0]
 [0 0 0 0 3 0 0 0 0 0 0 0 0 0 0 0 0 0]
 [0 0 0 0 0 3 0 0 0 0 0 0 0 0 0 0 0 0]
 [0 0 0 0 0 0 3 0 0 0 0 0 0 0 0 0 0 0]
 [0 0 0 0 0 0 0 3 0 0 0 0 0 0 0 0 0 0]
 [0 0 0 0 0 0 0 0 3 0 0 0 0 0 0 0 0 0]
 [0 0 0 0 0 0 0 0 0 3 0 0 0 0 0 0 0 0]
 [0 0 0 0 0 0 0 0 0 0 3 0 0 0 0 0 0 0]
 [0 0 0 0 0 0 0 0 0 0 0 3 0 0 0 0 0 0]
 [0 0 0 0 0 0 0 0 0 0 0 0 3 0 0 0 0 0]
 [0 0 0 0 0 0 0 0 0 0 0 0 0 3 0 0 0 0]
 [0 0 0 0 0 0 0 0 0 0 0 0 0 0 3 0 0 0]
 [0 0 0 0 0 0 0 0 0 0 0 0 0 0 0 3 0 0]
 [0 0 0 1 0 0 0 0 0 0 0 0 0 0 0 0 2 0]
 [1 0 0 0 0 0 0 0 0 0 0 0 0 0 0 0 0 2]]

